-0.0533702333983796 0.0008595974853503268 -0.003915744664702019 -0.003364684166644971 0.002203145481336122 -0.002744169740023459 -0.001498596704337504 -0.002511831338847183 -0.007740522414247137 0.022477849253109
0.0008595974853503277 -0.02657958515126107 0.003531383897830774 -0.003591110031258476 -0.0001703425033623802 0.00372893773583514 -0.01184400440081088 0.004566349474588341 -0.008497898377616943 0.008002418354796535
-0.003915744664702019 0.003531383897830773 -0.04100246007362299 0.00341919611635745 -0.001583020488835948 0.004948928083465977 -0.006878565195115426 0.00349026339770397 -0.003097617434895516 -0.01094538671580007
-0.003364684166644974 -0.003591110031258475 0.003419196116357452 -0.03313162083094796 0.00265966199063693 -0.004139689128542083 -0.02192435871690411 0.00125715840616314 0.01387496551787474 0.01185182728425056
0.002203145481336122 -0.0001703425033623808 -0.001583020488835948 0.002659661990636931 -0.02415424433542063 0.01087675809793347 0.00415064386969879 0.005600312788227407 0.001320826719318486 -0.0174134205987431
-0.002744169740023458 0.003728937735835139 0.004948928083465977 -0.004139689128542083 0.01087675809793347 -0.03914415527739676 -0.001971279055645622 -0.008099705297038604 0.005713790354465154 0.009812411696354283
-0.001498596704337502 -0.01184400440081088 -0.006878565195115427 -0.02192435871690411 0.004150643869698789 -0.00197127905564562 -0.06131768931581117 0.002894759155672072 0.01888297972760747 0.01101312386010269
-0.002511831338847185 0.004566349474588343 0.00349026339770397 0.001257158406163141 0.005600312788227405 -0.008099705297038604 0.002894759155672071 -0.03175806156042523 0.01113481598667159 0.008557350635952424
-0.007740522414247135 -0.008497898377616943 -0.003097617434895516 0.01387496551787474 0.001320826719318487 0.005713790354465155 0.01888297972760747 0.01113481598667159 -0.04534577861980894 0.001514306349707275
0.022477849253109 0.008002418354796533 -0.01094538671580007 0.01185182728425056 -0.0174134205987431 0.009812411696354283 0.0110131238601027 0.008557350635952426 0.001514306349707275 -0.05289143265564602
